10 1011.842041 14670625.704902
20 1010.897959 11474855.811754
30 1014.231837 7099692.330775
40 997.944082 4843409.895155
50 1010.434694 4347507.241421
60 1011.321224 4230396.117467
70 994.151020 4111169.859038
80 1036.120000 4013224.614101
90 985.435918 3858335.662708
100 1005.020816 3445404.450494
110 1023.995102 2967933.671154
120 1000.019184 2796970.670974
130 1033.260408 2722501.559050
140 1035.293469 2684023.357868
150 1043.340816 2241518.074359
160 1083.358367 2091128.736963
170 1074.983673 2064197.923971
180 1092.323673 1927562.320318
190 1037.905306 1893396.681061
200 1072.691429 1807160.897221
210 1053.212653 1729802.320318
220 1067.800408 1694522.320318
230 1050.079592 1686047.476907
240 1077.502449 1680362.320318
250 1035.897959 1674602.320318
260 1044.200816 1674602.320318
270 1054.373878 1668362.320318
280 1053.868163 1662362.320318
290 1078.504082 1652762.320318
300 1094.620816 1624442.320318
310 1073.033061 1617722.320318
320 1056.782041 1611242.320318
330 1085.289388 1611242.320318
340 1046.731837 1611242.320318
350 1071.466939 1611242.320318
360 1046.328980 1605482.320318
370 1080.787347 1605482.320318
380 1088.144898 1605482.320318
390 1070.940408 1604762.320318
400 1058.361224 1604762.320318
410 1057.214694 1604762.320318
420 1056.077959 1604762.320318
430 1053.155102 1604762.320318
440 1045.731837 1604762.320318
450 1040.430612 1604762.320318
460 1091.891837 1604762.320318
470 1059.338776 1603802.320318
480 1094.911429 1603802.320318
490 1025.091837 1603802.320318
500 1059.037143 1603802.320318
510 1070.831429 1603802.320318
520 1044.528571 1603802.320318
530 1060.832653 1603802.320318
540 1047.674694 1603802.320318
550 1075.246122 1603802.320318
560 1061.000000 1603802.320318
570 1087.706531 1603802.320318
580 1031.566122 1603802.320318
590 1050.717959 1603802.320318
600 1045.207347 1603802.320318
610 1060.112653 1603802.320318
620 1061.961224 1603802.320318
630 1067.813469 1603802.320318
640 1068.665306 1603802.320318
650 1069.084082 1603802.320318
660 1095.684082 1603802.320318
670 1108.122041 1603802.320318
680 1041.626939 1603802.320318
690 1048.963265 1603802.320318
700 1101.903673 1603802.320318
710 1056.182857 1603082.320318
720 1089.563265 1603082.320318
730 1059.329388 1603082.320318
740 1041.596735 1603082.320318
750 1087.032245 1603082.320318
760 1076.261633 1603082.320318
770 1052.378367 1603082.320318
780 1078.677551 1603082.320318
790 1058.911429 1603082.320318
800 1072.076327 1603082.320318
810 1055.782449 1603082.320318
820 1035.883265 1603082.320318
830 1050.709796 1603082.320318
840 1053.809388 1603082.320318
850 990.083265 1603082.320318
860 1068.895918 1603082.320318
870 1064.231837 1603082.320318
880 1040.915918 1603082.320318
890 1014.534694 1603082.320318
900 1091.131020 1602122.320318
910 1053.630612 1602122.320318
920 1042.965306 1602122.320318
930 1068.199592 1602122.320318
940 1049.861224 1602122.320318
950 1029.293061 1602122.320318
960 1066.236735 1602122.320318
970 1099.016735 1602122.320318
980 1030.364082 1602122.320318
990 1040.729388 1602122.320318
1000 1055.927755 1602122.320318
