secciones_en_catalogo: 77
1 	L6(6x4)-0.375_______		2.10000000E+06	3.20000000E+03	2.32429773E+01	5.41827583E+02	1.92856670E+02	7.34684253E+02	5.72605533E+01	4.96734640E+01	4.96734640E+01	2.77673810E+01	9.52500000E-01	9.52500000E-01	3.00000000E-01
2 	L6(6x4)-0.4375______		2.10000000E+06	3.20000000E+03	2.68069912E+01	6.16827888E+02	2.17988641E+02	8.34816529E+02	6.67195485E+01	5.69141018E+01	5.69141018E+01	3.16647798E+01	1.11125000E+00	1.11125000E+00	3.00000000E-01
3 	L6(6x4)-0.5_________		2.10000000E+06	3.20000000E+03	3.02989687E+01	6.88195851E+02	2.41489815E+02	9.29685665E+02	7.62109224E+01	6.39020622E+01	6.39020622E+01	3.53763950E+01	1.27000000E+00	1.27000000E+00	3.00000000E-01
4 	L6(6x4)-0.5625______		2.10000000E+06	3.20000000E+03	3.37189099E+01	7.56091591E+02	2.63472969E+02	1.01956456E+03	8.57539070E+01	7.06431204E+01	7.06431204E+01	3.89074773E+01	1.42875000E+00	1.42875000E+00	3.00000000E-01
5 	L6(6x4)-0.625_______		2.10000000E+06	3.20000000E+03	3.70668147E+01	8.20671110E+02	2.84047112E+02	1.10471822E+03	9.53690773E+01	7.71430287E+01	7.71430287E+01	4.22632570E+01	1.58750000E+00	1.58750000E+00	3.00000000E-01
6 	L6(6x4)-0.75________		2.10000000E+06	3.20000000E+03	4.35465154E+01	9.40485822E+02	3.21385585E+02	1.26187141E+03	1.14906004E+02	8.94423778E+01	8.94423778E+01	4.84697595E+01	1.90500000E+00	1.90500000E+00	3.00000000E-01
7 	L6(6x6)-0.375_______		2.10000000E+06	3.20000000E+03	2.80816773E+01	6.17933830E+02	6.17933830E+02	1.23586766E+03	6.05116318E+01	5.72285047E+01	5.72285047E+01	5.72285047E+01	9.52500000E-01	9.52500000E-01	3.00000000E-01
8 	L6(6x6)-0.4375______		2.10000000E+06	3.20000000E+03	3.25440823E+01	7.05372608E+02	7.05372608E+02	1.41074522E+03	7.05005116E+01	6.57816126E+01	6.57816126E+01	6.57816126E+01	1.11125000E+00	1.11125000E+00	3.00000000E-01
9 	L6(6x6)-0.5_________		2.10000000E+06	3.20000000E+03	3.67505687E+01	7.87633695E+02	7.87633695E+02	1.57526739E+03	8.04868459E+01	7.38888731E+01	7.38888731E+01	7.38888731E+01	1.27000000E+00	1.27000000E+00	3.00000000E-01
10 	L6(6x6)-0.5625______		2.10000000E+06	3.20000000E+03	4.08958354E+01	8.66248269E+02	8.66248269E+02	1.73249654E+03	9.05143073E+01	8.17457338E+01	8.17457338E+01	8.17457338E+01	1.42875000E+00	1.42875000E+00	3.00000000E-01
11 	L6(6x6)-0.625_______		2.10000000E+06	3.20000000E+03	4.51313147E+01	9.42200235E+02	9.42200235E+02	1.88440047E+03	1.00605718E+02	8.94890420E+01	8.94890420E+01	8.94890420E+01	1.58750000E+00	1.58750000E+00	3.00000000E-01
12 	L6(6x6)-0.75________		2.10000000E+06	3.20000000E+03	5.32239154E+01	1.08292793E+03	1.08292793E+03	2.16585585E+03	1.21023682E+02	1.04073139E+02	1.04073139E+02	1.04073139E+02	1.90500000E+00	1.90500000E+00	3.00000000E-01
13 	L6(6x6)-0.875_______		2.10000000E+06	3.20000000E+03	6.10283708E+01	1.21104964E+03	1.21104964E+03	2.42209928E+03	1.41918271E+02	1.17685205E+02	1.17685205E+02	1.17685205E+02	2.22250000E+00	2.22250000E+00	3.00000000E-01
14 	C6(6x2)-8.2_________		2.10000000E+06	3.20000000E+03	1.56401991E+01	5.48903699E+02	2.57112841E+01	5.74614983E+02	7.20346061E+01	1.84340481E+01	4.27429868E+01	6.08420022E+00	5.08000000E-01	1.74244000E+00	3.00000000E-01
15 	C6(6x2)-10.5________		2.10000000E+06	3.20000000E+03	2.00530935E+01	6.34665433E+02	3.54479989E+01	6.70113432E+02	8.32894269E+01	2.63448722E+01	5.11495506E+01	8.43898475E+00	7.97560000E-01	1.74244000E+00	3.00000000E-01
16 	C6(6x2)-13__________		2.10000000E+06	3.20000000E+03	2.48143743E+01	7.27197830E+02	4.75792271E+01	7.74777057E+02	9.54327861E+01	3.47342339E+01	6.02197906E+01	1.16447167E+01	1.10998000E+00	1.74244000E+00	3.00000000E-01
17 	C8(8x2-1/4)-11.5____		2.10000000E+06	3.20000000E+03	2.20309863E+01	1.36873158E+03	4.99830630E+01	1.41871465E+03	1.34717675E+02	3.18768089E+01	7.98345357E+01	9.91114122E+00	5.58800000E-01	1.98120000E+00	3.00000000E-01
18 	C8(8x2-1/4)-13.7____    	2.10000000E+06	3.20000000E+03	2.63148487E+01	1.51650871E+03	6.16793092E+01	1.57818802E+03	1.49262668E+02	4.09446457E+01	9.07155462E+01	1.23168614E+01	7.69620000E-01	1.98120000E+00	3.00000000E-01
19 	C8(8x2-1/4)-18.7____    	2.10000000E+06	3.20000000E+03	3.58116039E+01	1.84411102E+03	9.05593725E+01	1.93467039E+03	1.81506990E+02	5.98811112E+01	1.14837304E+02	1.90815025E+01	1.23698000E+00	1.98120000E+00	3.00000000E-01
20 	C10(10x2-5/8)-15.3__	  	2.10000000E+06	3.20000000E+03	2.91151551E+01	2.81709455E+03	8.76431297E+01	2.90473768E+03	2.21818469E+02	5.02535202E+01	1.31292852E+02	1.49272345E+01	6.09600000E-01	2.21488000E+00	3.00000000E-01
21 	C10(10x2-5/8)-20____		2.10000000E+06	3.20000000E+03	3.80828791E+01	3.30010841E+03	1.18211529E+02	3.41831994E+03	2.59851056E+02	7.18685260E+01	1.59765376E+02	2.06246908E+01	9.62660000E-01	2.21488000E+00	3.00000000E-01
22 	C10(10x2-5/8)-25____		2.10000000E+06	3.20000000E+03	4.75667311E+01	3.81092163E+03	1.53524661E+02	3.96444629E+03	3.00072569E+02	9.28740297E+01	1.89876606E+02	2.81596190E+01	1.33604000E+00	2.21488000E+00	3.00000000E-01
23 	C10(10x2-5/8)-30____		2.10000000E+06	3.20000000E+03	5.70505831E+01	4.32173485E+03	1.94789499E+02	4.51652435E+03	3.40294083E+02	1.13210710E+02	2.19987836E+02	3.73535717E+01	1.70942000E+00	2.21488000E+00	3.00000000E-01
24 	C12(12x3)-20.7______		2.10000000E+06	3.20000000E+03	3.94283084E+01	5.39887536E+03	1.50240812E+02	5.54911617E+03	3.54256913E+02	7.85915101E+01	2.10759166E+02	2.26863608E+01	7.16280000E-01	2.54508000E+00	3.00000000E-01
25 	C12(12x3)-25________		2.10000000E+06	3.20000000E+03	4.75573244E+01	6.02922485E+03	1.84156751E+02	6.21338160E+03	3.95618428E+02	1.00697554E+02	2.41730717E+02	2.83071200E+01	9.82980000E-01	2.54508000E+00	3.00000000E-01
26 	C12(12x3)-30________		2.10000000E+06	3.20000000E+03	5.70798860E+01	6.76763426E+03	2.25797454E+02	6.99343171E+03	4.44070489E+02	1.24744997E+02	2.78011676E+02	3.60713377E+01	1.29540000E+00	2.54508000E+00	3.00000000E-01
27 	W6(6x4)-9___________		2.10000000E+06	3.20000000E+03	1.75294199E+01	6.94175253E+02	9.16750960E+01	7.85850349E+02	9.26431674E+01	1.83210952E+01	5.19121234E+01	1.44757442E+01	4.31800000E-01	1.09220000E+00	3.00000000E-01
28 	W6(6x4)-12__________		2.10000000E+06	3.20000000E+03	2.32187642E+01	9.31798252E+02	1.25324310E+02	1.05712256E+03	1.21674861E+02	2.46701397E+01	6.90699154E+01	1.97712113E+01	5.84200000E-01	1.42240000E+00	3.00000000E-01
29 	W6(6x4)-16__________		2.10000000E+06	3.20000000E+03	3.06948089E+01	1.34347503E+03	1.85292990E+02	1.52876802E+03	1.68448146E+02	3.62034719E+01	9.60771280E+01	2.87180343E+01	6.60400000E-01	2.05740000E+00	3.00000000E-01
30 	W6(6x6)-15__________		2.10000000E+06	3.20000000E+03	2.88750292E+01	1.22591631E+03	3.88647606E+02	1.61456391E+03	1.61149989E+02	5.10887708E+01	8.94601788E+01	3.96308941E+01	5.84200000E-01	1.32080000E+00	3.00000000E-01
31 	W6(6x6)-20__________		2.10000000E+06	3.20000000E+03	3.80594907E+01	1.73143313E+03	5.53822820E+02	2.28525595E+03	2.19892447E+02	7.24386978E+01	1.22803938E+02	5.59679073E+01	6.60400000E-01	1.85420000E+00	3.00000000E-01
32 	W6(6x6)-25__________		2.10000000E+06	3.20000000E+03	4.73142657E+01	2.22223221E+03	7.11865973E+02	2.93409818E+03	2.74261621E+02	9.21915113E+01	1.55034418E+02	7.15086485E+01	8.12800000E-01	2.31140000E+00	3.00000000E-01
33 	W8(8x4)-10__________		2.10000000E+06	3.20000000E+03	1.93119399E+01	1.29954290E+03	8.75803461E+01	1.38712324E+03	1.29691017E+02	1.75027671E+01	7.35437686E+01	1.41029971E+01	4.31800000E-01	1.04140000E+00	3.00000000E-01
34 	W8(8x4)-13__________		2.10000000E+06	3.20000000E+03	2.50111201E+01	1.66967748E+03	1.14542536E+02	1.78422002E+03	1.64544015E+02	2.25477433E+01	9.45035755E+01	1.85944189E+01	5.84200000E-01	1.29540000E+00	3.00000000E-01
35 	W8(8x4)-15__________		2.10000000E+06	3.20000000E+03	2.88186254E+01	2.01509067E+03	1.43018507E+02	2.15810918E+03	1.95645569E+02	2.80480691E+01	1.12020404E+02	2.29194430E+01	6.22300000E-01	1.60020000E+00	3.00000000E-01
36	W8(8x5-1/4)-18______		2.10000000E+06	3.20000000E+03	3.41186710E+01	2.59278473E+03	3.32620395E+02	2.92540513E+03	2.50806238E+02	4.98868233E+01	1.40337581E+02	3.91493646E+01	5.84200000E-01	1.67640000E+00	3.00000000E-01
37	W8(8x5-1/4)-21______		2.10000000E+06	3.20000000E+03	3.97834961E+01	3.13531652E+03	4.07808805E+02	3.54312533E+03	2.98158595E+02	6.09315551E+01	1.67196473E+02	4.76963527E+01	6.35000000E-01	2.03200000E+00	3.00000000E-01
38 	W10(10x4)-12________		2.10000000E+06	3.20000000E+03	2.31254530E+01	2.28443447E+03	9.14359059E+01	2.37587038E+03	1.82245927E+02	1.81810041E+01	1.05363818E+02	1.51132519E+01	4.82600000E-01	1.06680000E+00	3.00000000E-01
39 	W10(10x4)-15________		2.10000000E+06	3.20000000E+03	2.86963205E+01	2.90077277E+03	1.21480278E+02	3.02225305E+03	2.28635941E+02	2.39134405E+01	1.32454396E+02	2.00076637E+01	5.84200000E-01	1.37160000E+00	3.00000000E-01
40 	W10(10x4)-17________		2.10000000E+06	3.20000000E+03	3.23651259E+01	3.43039512E+03	1.49430071E+02	3.57982519E+03	2.67170971E+02	2.93420133E+01	1.53847383E+02	2.42425404E+01	6.09600000E-01	1.67640000E+00	3.00000000E-01
41 	W10(10x4)-19________		2.10000000E+06	3.20000000E+03	3.64569413E+01	4.03885524E+03	1.80128510E+02	4.21898375E+03	3.10566502E+02	3.52819584E+01	1.78129340E+02	2.89045736E+01	6.35000000E-01	2.00660000E+00	3.00000000E-01
42 	W10(10x5-3/4)-22____		2.10000000E+06	3.20000000E+03	4.21343550E+01	4.96154964E+03	4.76675759E+02	5.43822540E+03	3.84142773E+02	6.52756944E+01	2.14981802E+02	5.13188369E+01	6.09600000E-01	1.82880000E+00	3.00000000E-01
43 	W10(10x5-3/4)-26____		2.10000000E+06	3.20000000E+03	4.94480293E+01	6.05038943E+03	5.88806145E+02	6.63919557E+03	4.61189367E+02	8.03512800E+01	2.58258398E+02	6.30352650E+01	6.60400000E-01	2.23520000E+00	3.00000000E-01
44 	W10(10x5-3/4)-30____		2.10000000E+06	3.20000000E+03	5.71743740E+01	7.09308800E+03	6.97403336E+02	7.79049134E+03	5.33439223E+02	9.45157461E+01	3.00560465E+02	7.44464261E+01	7.62000000E-01	2.59080000E+00	3.00000000E-01
45 	W12(12x4)-14________		2.10000000E+06	3.20000000E+03	2.71083988E+01	3.74678395E+03	9.89539286E+01	3.84573788E+03	2.47709789E+02	1.96263172E+01	1.45037512E+02	1.66397384E+01	5.08000000E-01	1.14300000E+00	3.00000000E-01
46 	W12(12x4)-16________		2.10000000E+06	3.20000000E+03	3.06598835E+01	4.32958239E+03	1.18446421E+02	4.44802881E+03	2.84330274E+02	2.33746613E+01	1.66163537E+02	1.98102435E+01	5.58800000E-01	1.34620000E+00	3.00000000E-01
47 	W12(12x4)-19________		2.10000000E+06	3.20000000E+03	3.60900098E+01	5.42774166E+03	1.57990961E+02	5.58573262E+03	3.51464830E+02	3.10617558E+01	2.03393412E+02	2.58598421E+01	5.96900000E-01	1.77800000E+00	3.00000000E-01
48 	W12(12x4)-22________		2.10000000E+06	3.20000000E+03	4.19821772E+01	6.53187292E+03	1.95703063E+02	6.72757599E+03	4.17807232E+02	3.82374441E+01	2.41490808E+02	3.17889378E+01	6.60400000E-01	2.15900000E+00	3.00000000E-01
49 	W12(12x6-1/2)-26____		2.10000000E+06	3.20000000E+03	4.99847391E+01	8.63651888E+03	7.22774070E+02	9.35929295E+03	5.56498246E+02	8.76908229E+01	3.09427040E+02	6.84919534E+01	5.84200000E-01	1.93040000E+00	3.00000000E-01
50 	W12(12x6-1/2)-30____		2.10000000E+06	3.20000000E+03	5.72871424E+01	1.00324135E+04	8.48975662E+02	1.08813891E+04	6.40157064E+02	1.02528339E+02	3.57190106E+02	8.02779955E+01	6.60400000E-01	2.23520000E+00	3.00000000E-01
51 	W12(12x6-1/2)-35____		2.10000000E+06	3.20000000E+03	6.70494180E+01	1.19389532E+04	1.02264182E+03	1.29615950E+04	7.52060045E+02	1.22748442E+02	4.21698296E+02	9.64171808E+01	7.62000000E-01	2.64160000E+00	3.00000000E-01
52 	W12(12x8)-40________		2.10000000E+06	3.20000000E+03	7.56980792E+01	1.28597572E+04	1.83761002E+03	1.46973672E+04	8.48056371E+02	1.80754157E+02	4.69717729E+02	1.40027900E+02	7.49300000E-01	2.61620000E+00	3.00000000E-01
53 	W12(12x8)-45________		2.10000000E+06	3.20000000E+03	8.51026472E+01	1.45601335E+04	2.08390652E+03	1.66440401E+04	9.50636159E+02	2.03961626E+02	5.29505201E+02	1.58607239E+02	8.50900000E-01	2.92100000E+00	3.00000000E-01
54 	W12(12x8)-50________		2.10000000E+06	3.20000000E+03	9.43442897E+01	1.63334410E+04	2.35073315E+03	1.86841741E+04	1.05504324E+03	2.29080568E+02	5.90375302E+02	1.78451455E+02	9.39800000E-01	3.25120000E+00	3.00000000E-01
55 	W14(14x5)-22________		2.10000000E+06	3.20000000E+03	4.24319681E+01	8.42811298E+03	2.93066090E+02	8.72117907E+03	4.82991953E+02	4.61521402E+01	2.76111430E+02	3.76742675E+01	5.84200000E-01	1.70180000E+00	3.00000000E-01
56 	W14(14x5)-26________		2.10000000E+06	3.20000000E+03	5.00000132E+01	1.03113607E+04	3.73032482E+02	1.06843932E+04	5.83693866E+02	5.84530077E+01	3.32888682E+02	4.74944628E+01	6.47700000E-01	2.13360000E+00	3.00000000E-01
57 	W14(14x6-3/4)-30____		2.10000000E+06	3.20000000E+03	5.75138020E+01	1.22089025E+04	8.17931813E+02	1.30268343E+04	6.94603253E+02	9.56969982E+01	3.90893370E+02	7.59243853E+01	6.85800000E-01	1.95580000E+00	3.00000000E-01
58 	W14(14x6-3/4)-34____		2.10000000E+06	3.20000000E+03	6.48248800E+01	1.42179910E+04	9.75140132E+02	1.51931311E+04	8.00806043E+02	1.13752130E+02	4.49637509E+02	8.98763143E+01	7.23900000E-01	2.31140000E+00	3.00000000E-01
59 	W14(14x6-3/4)-38____		2.10000000E+06	3.20000000E+03	7.23818688E+01	1.61369570E+04	1.11420058E+03	1.72511576E+04	9.01153572E+02	1.29589851E+02	5.06862162E+02	1.02565554E+02	7.87400000E-01	2.61620000E+00	3.00000000E-01
60 	W14(14x8)-43________		2.10000000E+06	3.20000000E+03	8.19871862E+01	1.79511388E+04	1.88595553E+03	1.98370944E+04	1.03475512E+03	1.85741633E+02	5.74858320E+02	1.44971424E+02	7.74700000E-01	2.69240000E+00	3.00000000E-01
61 	W14(14x8)-48________		2.10000000E+06	3.20000000E+03	9.15759980E+01	2.02523806E+04	2.14603382E+03	2.23984144E+04	1.15640003E+03	2.10434671E+02	6.45161023E+02	1.64581956E+02	8.63600000E-01	3.02260000E+00	3.00000000E-01
62 	W14(14x8)-53________		2.10000000E+06	3.20000000E+03	1.00722568E+02	2.25503010E+04	2.40790294E+03	2.49582040E+04	1.27558495E+03	2.35234066E+02	7.14130343E+02	1.84166679E+02	9.39800000E-01	3.35280000E+00	3.00000000E-01
63 	W16(16x5-1/2)-26____		2.10000000E+06	3.20000000E+03	5.00724250E+01	1.27210539E+04	4.01666059E+02	1.31227200E+04	6.38405220E+02	5.75040886E+01	3.66921815E+02	4.71515635E+01	6.35000000E-01	1.75260000E+00	3.00000000E-01
64 	W16(16x5-1/2)-31____		2.10000000E+06	3.20000000E+03	5.91900227E+01	1.57144727E+04	5.19267661E+02	1.62337403E+04	7.79193989E+02	7.40040134E+01	4.45699035E+02	6.02613054E+01	6.98500000E-01	2.23520000E+00	3.00000000E-01
65 	W16(16x7)-36________		2.10000000E+06	3.20000000E+03	6.85168020E+01	1.87715270E+04	1.02195129E+03	1.97934783E+04	9.31950184E+02	1.15202013E+02	5.27133163E+02	9.19132251E+01	7.49300000E-01	2.18440000E+00	3.00000000E-01
66 	W16(16x7)-40________		2.10000000E+06	3.20000000E+03	7.63832785E+01	2.17089817E+04	1.20509556E+03	2.29140773E+04	1.06768809E+03	1.35653201E+02	6.01484439E+02	1.07663400E+02	7.74700000E-01	2.56540000E+00	3.00000000E-01
67 	W16(16x7)-45________		2.10000000E+06	3.20000000E+03	8.57655520E+01	2.44785644E+04	1.37298393E+03	2.58515483E+04	1.19494483E+03	1.53673022E+02	6.76234991E+02	1.22630753E+02	8.76300000E-01	2.87020000E+00	3.00000000E-01
68 	W16(16x7)-50________		2.10000000E+06	3.20000000E+03	9.50975800E+01	2.74118759E+04	1.55521801E+03	2.89670939E+04	1.32743876E+03	1.73208078E+02	7.53615239E+02	1.38663725E+02	9.65200000E-01	3.20040000E+00	3.00000000E-01
69 	W16(16x7)-57________		2.10000000E+06	3.20000000E+03	1.08102348E+02	3.15050446E+04	1.80569651E+03	3.33107411E+04	1.50986742E+03	1.99692173E+02	8.61281225E+02	1.60822238E+02	1.09220000E+00	3.63220000E+00	3.00000000E-01
70 	W18(18x6)-35________		2.10000000E+06	3.20000000E+03	6.67345186E+01	2.13671838E+04	6.42981786E+02	2.20101656E+04	9.50539783E+02	8.43808118E+01	5.48335458E+02	6.95161112E+01	7.62000000E-01	2.15900000E+00	3.00000000E-01
71 	W18(18x6)-40________		2.10000000E+06	3.20000000E+03	7.62175044E+01	2.56270452E+04	7.99809301E+02	2.64268545E+04	1.12730591E+03	1.04700100E+02	6.45793562E+02	8.53928820E+01	8.00100000E-01	2.66700000E+00	3.00000000E-01
72 	W18(18x6)-46________		2.10000000E+06	3.20000000E+03	8.73985055E+01	2.96635111E+04	9.44297285E+02	3.06078084E+04	1.29330539E+03	1.22696563E+02	7.43890384E+02	1.00732290E+02	9.14400000E-01	3.07340000E+00	3.00000000E-01
73 	W18(18x7-1/2)-50____		2.10000000E+06	3.20000000E+03	9.47854693E+01	3.33642408E+04	1.67476177E+03	3.50390026E+04	1.46031438E+03	1.75945305E+02	8.27597782E+02	1.40653344E+02	9.01700000E-01	2.89560000E+00	3.00000000E-01
74 	W18(18x7-1/2)-55____		2.10000000E+06	3.20000000E+03	1.04454429E+02	3.70349245E+04	1.87876846E+03	3.89136930E+04	1.61023511E+03	1.96460191E+02	9.15263018E+02	1.57645031E+02	9.90600000E-01	3.20040000E+00	3.00000000E-01
75 	W18(18x7-1/2)-60____		2.10000000E+06	3.20000000E+03	1.13448826E+02	4.08076197E+04	2.09416289E+03	4.29017826E+04	1.76162193E+03	2.18259055E+02	1.00239829E+03	1.75196056E+02	1.05410000E+00	3.53060000E+00	3.00000000E-01
76 	W18(18x7-1/2)-65____		2.10000000E+06	3.20000000E+03	1.23011066E+02	4.44780782E+04	2.29421111E+03	4.67722893E+04	1.90856179E+03	2.38005987E+02	1.08943430E+03	1.91957058E+02	1.14300000E+00	3.81000000E+00	3.00000000E-01
77 	W18(18x7-1/2)-71____		2.10000000E+06	3.20000000E+03	1.33955565E+02	4.85406136E+04	2.52601952E+03	5.10666331E+04	2.06935331E+03	2.60509725E+02	1.18644562E+03	2.11369893E+02	1.25730000E+00	4.11480000E+00	3.00000000E-01
