0 1174.725306 32757509.499690 
10 1148.855918 12838400.853877 
20 1138.425306 10447363.766730 
30 1125.384898 9040070.755132 
40 1122.587755 8840942.066224 
50 1115.065714 8605895.371604 
60 1116.349388 7431593.038284 
70 1112.784490 6874614.353655 
80 1093.832245 6400738.369737 
90 1096.545306 5574962.058365 
100 1088.743673 5401035.255157 
110 1086.774694 5272767.139315 
120 1071.077143 5138571.907468 
130 1066.175510 5116727.824856 
140 1065.477143 5106304.815769 
150 1065.022857 5081936.583601 
160 1051.831837 5056270.293710 
170 1052.957959 5034868.924888 
180 1049.402041 5024561.944524 
190 1046.460816 4857092.559939 
200 1042.222857 4280259.501744 
210 1042.817959 3925451.900716 
220 1041.244490 3815796.493224 
230 1044.713469 3444771.180557 
240 1040.893469 3312632.499611 
250 1039.872653 3279631.680132 
260 1040.738367 3075726.381024 
270 1036.071429 2843441.682360 
280 1040.631837 2718283.625219 
290 1042.717551 2595667.534895 
300 1050.483673 2506314.786657 
310 1045.631429 2473869.707651 
320 1045.546939 2424124.910945 
330 1047.556735 2414756.545978 
340 1046.664898 2399928.622480 
350 1035.265714 2394011.140562 
360 1027.686531 2389482.807505 
370 1025.246531 2389312.614809 
380 1027.997551 2389312.614809 
390 1027.391020 2389312.614809 
400 1034.956327 2389312.614809 
410 1033.663265 2389312.614809 
420 1033.024082 2388044.578319 
430 1026.157143 2387179.233031 
440 1022.311429 2386367.301281 
450 1016.385306 2378271.924493 
460 1018.570204 2376963.887894 
470 1020.088571 2370859.515417 
480 1025.079184 2360574.232382 
490 1026.553878 2360574.232382 
500 1022.482857 2356128.640981 
510 1023.461633 2355664.170441 
520 1017.744898 2347688.442282 
530 1025.241224 2347660.017162 
540 1015.424898 2347660.017162 
550 1010.787347 2347660.017162 
560 1011.210612 2347660.017162 
570 1005.383265 2347660.017162 
580 990.905306 2347660.017162 
590 989.697143 2346894.081881 
600 983.860816 2335406.419806 
610 976.456327 2334716.484017 
620 985.346531 2325679.752545 
630 973.055918 2304658.974129 
640 948.221633 2301801.762430 
650 933.970612 2230892.640707 
660 915.842449 2122955.220716 
670 892.188980 2041115.220716 
680 873.896735 2009435.220716 
690 845.865306 1957604.965502 
700 818.488980 1939009.979249 
710 793.194694 1905535.083251 
720 779.636735 1891774.492488 
730 763.788571 1875625.352841 
740 750.106531 1820075.220716 
750 721.599592 1808315.220716 
760 680.860000 1793127.954476 
770 632.908571 1746436.848115 
780 605.260408 1739469.509803 
790 502.991837 1728155.220716 
800 460.093878 1722395.220716 
810 355.113061 1705835.220716 
820 342.458367 1699115.220716 
830 318.029796 1699115.220716 
840 310.173061 1699115.220716 
850 314.677959 1699115.220716 
860 299.660816 1693355.220716 
870 286.642857 1687825.445979 
880 267.082857 1673195.220716 
890 229.580816 1667627.072044 
900 192.913878 1661086.596749 
910 130.468980 1660059.375387 
920 65.364898 1654235.220716 
930 30.756735 1650589.060040 
940 13.553878 1645767.356121 
950 13.076327 1643441.553652 
960 14.611429 1643441.553652 
970 10.559184 1643441.553652 
980 3.873878 1643441.553652 
990 2.105714 1641297.493071 
1000 2.792245 1638875.220716 
