
Poblacion Inicial

40 12 36 43 43 53 31 11 48 25 47 51 36 48 43 25 33 15 42 39 29 19 56 12 58 28 32 2 21 23 12 2 35 48 44 19 41 16 29 29 41 17 21 17 5 4 41 38 18 24 17 47 42 14 58 41 41 31 42 3 54 54 4 29 42 48 47 24 5 17 52 45 33 14 2 37 17 43 15 34 7 32 22 49 45 21 30 27 51 13 29 45 7 32 14 49 20 2 13 25 18 6 10 51 19 12 28 35 54 43 10 2 15 31 50 1 51 21 27 43  fit: 39839992.398544 desplazamiento: 2.859700 eficiencia: 4.688379 
33 55 28 40 28 42 29 48 44 42 13 2 47 22 52 7 33 21 42 28 4 51 30 19 23 20 19 14 41 46 56 14 41 25 54 10 7 24 57 50 6 11 52 53 32 45 1 6 7 42 34 10 33 4 29 56 24 47 11 5 33 8 19 15 32 14 24 39 37 22 30 43 32 22 36 5 8 36 11 14 19 44 23 52 48 52 48 12 39 58 17 13 6 36 28 38 49 51 17 26 14 46 9 45 8 45 49 16 21 59 29 40 44 52 32 32 44 20 44 24  fit: 48881406.616897 desplazamiento: 3.610070 eficiencia: 5.594317 
25 26 33 46 41 16 6 18 36 21 51 58 56 13 10 45 54 23 50 40 37 58 53 41 28 28 31 14 14 35 36 38 2 9 25 42 24 30 1 1 51 52 58 47 5 9 32 59 31 23 39 9 21 33 49 48 1 21 2 15 55 38 53 57 47 18 40 12 48 40 12 39 32 11 26 37 19 58 36 50 22 16 58 42 49 48 31 50 9 33 5 4 12 58 2 58 17 41 10 5 21 21 44 53 31 10 31 49 9 8 40 31 23 38 14 12 26 44 3 34  fit: 49001777.924894 desplazamiento: 1.960385 eficiencia: 5.595440 
17 2 43 15 26 28 42 15 25 19 12 2 1 27 59 24 18 35 23 7 45 42 32 13 28 30 8 19 34 53 1 50 55 44 5 21 12 46 36 37 6 48 39 7 15 39 30 33 14 53 39 59 35 12 12 3 41 20 22 15 13 23 5 8 7 10 28 19 56 5 56 2 52 35 9 8 15 38 41 29 31 21 28 6 32 39 9 13 58 31 27 12 53 32 19 1 42 47 19 38 51 15 40 44 50 48 51 5 27 32 34 57 52 2 4 25 41 13 37 40  fit: 51682161.614290 desplazamiento: 4.776426 eficiencia: 5.886932 
13 12 5 38 35 56 46 17 25 49 43 36 43 3 12 33 8 4 52 56 19 27 23 16 29 53 47 48 45 5 25 57 16 30 35 51 26 22 8 51 12 50 28 54 52 40 28 1 43 21 57 2 47 20 17 17 14 5 6 59 9 30 56 25 1 32 16 26 53 23 18 5 14 45 59 7 25 27 7 9 47 4 11 35 24 28 51 38 32 56 37 40 27 34 6 27 7 21 53 59 44 11 5 58 56 5 5 22 31 11 31 19 15 41 54 39 9 45 17 40  fit: 51736617.491042 desplazamiento: 2.472649 eficiencia: 5.885026 
15 45 9 6 50 31 31 51 26 50 48 34 33 54 48 47 44 24 3 47 21 15 28 36 38 38 17 38 20 26 52 34 12 1 40 3 32 11 53 58 2 42 33 35 37 22 22 21 45 25 9 7 39 36 43 18 14 59 56 34 26 48 9 38 49 48 40 22 59 34 20 1 17 52 36 53 15 58 15 1 23 24 7 2 59 49 20 14 49 16 47 15 4 56 52 53 44 32 15 43 6 34 44 22 27 20 16 42 18 31 42 40 54 49 42 54 38 2 8 28  fit: 54655374.288915 desplazamiento: 3.257536 eficiencia: 6.157949 
11 35 45 22 4 50 14 11 12 9 17 35 16 15 15 5 33 21 6 6 7 19 7 47 58 49 52 25 5 27 15 16 2 59 38 6 50 51 16 3 59 33 37 15 48 51 20 21 12 25 26 19 44 33 6 42 22 58 8 27 25 22 42 27 22 20 32 13 12 48 15 12 22 51 26 10 43 46 30 54 11 56 13 55 29 19 38 51 18 45 18 42 8 1 9 29 21 41 41 32 30 56 44 51 47 11 1 30 56 31 25 8 27 38 3 56 57 40 47 15  fit: 55850310.490164 desplazamiento: 2.354291 eficiencia: 6.303429 
10 49 59 43 5 42 4 19 25 18 24 33 42 27 5 10 43 46 41 53 32 29 4 35 59 36 27 35 37 11 17 46 1 16 30 5 58 33 24 23 51 47 55 33 14 1 43 57 47 24 51 19 52 54 54 51 30 21 26 7 32 42 53 33 58 23 38 56 56 2 19 47 48 15 21 3 16 4 59 3 28 51 22 21 45 16 12 15 37 38 22 10 21 15 43 20 37 21 16 33 22 35 21 11 49 42 14 5 45 14 8 14 5 30 34 49 45 46 5 23  fit: 56836622.216934 desplazamiento: 2.091770 eficiencia: 6.385440 
40 56 52 52 10 35 41 29 8 1 50 1 54 37 19 49 42 9 44 4 9 47 15 11 46 37 5 25 43 5 5 23 1 56 16 11 31 56 39 39 57 30 40 51 8 58 41 49 7 25 53 16 12 9 27 57 45 31 23 28 35 27 51 35 24 8 46 55 4 25 35 2 55 15 52 3 14 33 52 21 58 46 36 10 54 3 8 40 33 30 9 9 57 1 44 21 8 30 17 12 55 51 13 50 6 6 53 19 38 46 40 36 32 16 46 27 19 54 7 51  fit: 57637638.990951 desplazamiento: 2.193946 eficiencia: 6.458450 
37 59 56 53 10 49 33 32 5 53 46 12 5 17 38 29 7 35 44 49 6 32 53 4 19 14 19 37 44 42 2 21 41 57 15 51 46 47 23 51 41 10 4 45 26 42 15 33 17 58 22 23 31 16 26 50 29 45 27 13 27 28 34 9 26 49 59 12 36 23 3 18 33 7 4 58 48 19 32 6 18 53 28 48 9 53 38 38 38 6 50 6 34 25 14 59 14 14 12 50 37 14 8 10 21 12 9 9 31 40 14 48 34 42 37 43 35 15 21 14  fit: 59937868.511794 desplazamiento: 3.361845 eficiencia: 6.710913 
4 7 51 33 22 19 34 37 19 20 44 1 17 33 6 16 11 57 25 26 37 22 6 8 32 38 49 16 9 55 41 12 3 33 44 24 52 19 2 11 39 45 11 55 18 17 12 29 15 37 54 51 58 59 59 31 38 49 46 47 45 28 58 47 1 43 12 52 3 13 4 41 57 15 37 16 32 48 44 46 25 39 38 24 39 38 54 17 27 41 4 12 9 3 59 9 46 12 2 48 24 5 30 22 20 8 38 51 56 23 37 21 2 16 45 40 54 40 57 21  fit: 62413321.781462 desplazamiento: 2.426991 eficiencia: 6.948224 
17 10 37 24 14 10 15 48 8 33 12 38 20 51 12 8 43 45 15 4 9 37 9 21 24 56 31 39 8 51 46 24 2 23 48 16 33 3 4 40 36 16 18 55 7 30 3 49 15 18 53 24 55 3 44 20 58 16 58 6 8 44 30 9 8 18 24 40 20 28 20 56 43 38 51 50 8 54 40 23 12 34 46 8 36 31 27 34 47 25 40 54 10 11 4 17 28 28 56 48 55 17 44 39 54 36 30 2 30 10 25 42 43 12 49 19 42 16 53 30  fit: 66045664.595682 desplazamiento: 2.820105 eficiencia: 7.323439 
18 8 38 29 6 39 27 22 21 37 27 42 58 11 36 29 21 7 19 30 14 58 1 37 37 14 49 3 58 51 37 17 58 15 45 4 54 13 26 15 50 52 57 48 4 33 18 24 39 36 53 52 35 54 30 13 8 19 16 7 10 52 23 8 8 9 12 2 22 38 17 12 31 14 59 34 47 17 57 26 53 51 19 29 45 48 41 53 7 56 1 17 48 23 25 55 32 36 57 53 15 15 5 45 28 4 19 15 20 17 41 14 8 59 42 52 48 23 46 55  fit: 67510155.982131 desplazamiento: 2.421236 eficiencia: 7.455458 
37 2 41 18 8 51 43 31 40 40 53 58 41 23 15 52 50 34 49 42 44 42 25 49 26 53 24 56 13 33 47 50 35 29 9 43 21 51 14 1 31 7 59 12 30 15 5 20 49 53 3 34 36 27 23 3 20 46 59 33 20 47 23 55 16 31 38 37 23 52 38 54 59 37 7 29 52 11 49 41 5 51 15 41 19 38 43 38 25 42 12 44 29 35 40 45 7 18 22 29 11 59 24 10 37 30 39 30 41 28 12 46 20 27 27 38 5 10 16 29  fit: 67949549.385639 desplazamiento: 2.627586 eficiencia: 7.483353 
35 3 2 38 1 1 23 57 12 29 15 44 8 36 17 2 39 49 21 46 25 14 29 28 39 11 9 33 6 27 40 40 30 42 19 30 42 41 27 53 11 41 38 19 17 54 20 56 43 41 43 9 54 12 36 34 22 45 7 27 13 46 8 42 28 26 13 11 8 39 4 18 21 42 36 38 36 56 34 19 38 17 28 32 28 5 6 50 50 13 17 3 58 24 45 27 49 57 37 56 36 41 15 57 23 51 36 59 48 10 19 26 27 46 58 55 51 4 45 41  fit: 69639315.321414 desplazamiento: 2.984490 eficiencia: 7.665697 
21 1 33 30 4 33 38 49 44 40 38 9 45 9 30 5 16 9 55 12 31 33 33 33 49 19 14 43 58 11 5 20 12 38 49 15 12 28 5 56 8 42 5 53 51 35 57 8 43 53 19 15 27 52 47 17 11 1 59 10 12 5 29 23 43 18 37 54 45 42 50 53 25 55 46 16 30 43 23 14 37 42 29 5 35 17 21 45 17 21 54 29 26 24 51 9 41 29 4 26 11 54 20 36 49 6 51 20 49 15 34 26 57 3 31 32 19 51 17 36  fit: 69696230.788910 desplazamiento: 3.409990 eficiencia: 7.670003 
33 33 11 25 8 24 43 23 40 37 26 16 37 42 46 20 37 29 11 22 33 30 54 40 38 19 18 4 46 28 49 19 1 59 43 9 24 26 31 5 4 56 20 41 39 7 2 16 35 12 38 8 42 32 47 20 51 6 24 37 33 13 56 34 13 39 42 36 6 13 41 10 10 2 51 48 8 52 5 43 5 42 50 46 15 38 7 6 43 30 42 17 43 39 51 55 19 34 32 25 47 13 34 56 15 26 44 22 19 49 6 24 31 55 10 45 34 17 50 17  fit: 70726713.209277 desplazamiento: 3.445912 eficiencia: 7.784949 
6 56 5 28 55 11 30 17 26 24 16 59 22 44 54 58 9 56 13 1 6 47 49 42 33 23 44 8 53 49 26 58 45 30 26 41 41 55 57 7 20 14 7 41 57 1 39 6 56 51 6 3 39 54 44 12 18 28 20 11 18 45 9 4 16 34 44 56 29 42 4 48 55 10 30 52 10 10 57 7 2 4 9 40 58 53 51 16 22 12 26 40 56 34 43 13 9 28 10 38 10 13 27 6 22 56 57 32 6 55 38 8 59 47 47 57 41 39 13 3  fit: 70911576.385663 desplazamiento: 4.707209 eficiencia: 7.789617 
18 44 4 14 46 32 9 55 40 2 4 51 8 14 41 24 16 34 3 5 51 14 34 46 8 6 15 48 32 49 28 50 34 31 4 21 4 13 16 43 14 20 34 21 33 16 45 49 50 47 53 41 2 28 27 9 33 42 56 6 31 25 55 5 56 59 25 1 12 41 43 26 1 18 47 33 34 32 22 24 20 16 6 22 43 33 30 16 15 27 21 46 52 17 51 49 16 16 49 28 57 32 54 57 50 41 30 24 14 52 47 33 8 53 54 50 26 25 7 40  fit: 71892097.326989 desplazamiento: 2.499899 eficiencia: 7.901836 
9 9 25 37 58 3 5 47 14 10 21 36 27 26 43 22 55 37 57 8 16 46 11 53 38 2 20 6 28 16 18 36 24 42 14 22 45 19 9 58 28 30 35 55 55 18 17 51 54 14 58 11 1 10 4 38 12 24 44 39 39 2 16 3 43 30 25 28 48 33 27 17 4 2 13 59 20 29 50 15 43 49 25 44 58 28 22 10 51 6 49 30 8 5 33 50 34 57 19 23 31 46 39 34 48 51 33 8 21 23 22 5 13 47 48 11 15 11 20 7  fit: 73093566.189112 desplazamiento: 4.169902 eficiencia: 8.029552 
25 16 1 23 16 44 43 23 15 1 34 10 51 46 1 56 51 54 16 30 41 55 7 13 12 52 40 30 47 47 22 12 3 22 35 18 7 18 40 21 18 14 31 10 59 32 6 51 26 22 21 7 18 27 20 30 20 1 59 8 47 22 19 49 44 54 7 51 12 46 13 30 1 43 40 1 15 46 51 41 8 13 47 26 39 8 56 59 8 56 7 54 18 26 44 3 20 50 53 32 37 6 3 37 49 42 38 5 28 29 45 36 42 33 3 22 40 58 21 48  fit: 76748945.604538 desplazamiento: 2.020209 eficiencia: 8.384911 
19 46 12 8 9 37 4 40 14 1 33 28 15 38 13 43 41 31 58 2 47 39 15 55 39 56 48 28 20 34 23 39 20 35 47 29 12 50 10 26 51 43 53 6 21 7 49 3 38 47 4 26 27 19 21 7 16 9 34 35 43 57 14 3 32 1 32 44 51 41 10 42 25 4 48 45 10 37 48 47 25 51 13 52 10 34 58 25 42 32 1 25 29 15 28 2 16 59 46 7 41 56 49 6 59 37 51 10 15 39 56 40 31 10 32 41 43 31 7 26  fit: 77038202.772548 desplazamiento: 3.081528 eficiencia: 8.406354 
41 34 25 51 44 28 8 13 55 5 2 51 21 45 31 15 22 1 17 52 10 42 34 52 53 24 12 36 40 5 6 21 38 30 12 23 58 20 35 53 24 36 45 44 22 16 59 43 16 16 35 26 57 10 18 51 33 30 27 14 34 33 34 13 3 46 35 2 7 10 55 30 46 40 15 8 56 14 51 12 30 27 37 27 37 55 19 10 25 45 24 59 18 57 12 21 44 46 22 50 56 17 21 42 57 35 50 53 48 41 6 18 9 42 45 45 38 4 55 4  fit: 85160391.128746 desplazamiento: 3.727005 eficiencia: 9.206657 
23 59 37 25 13 52 30 46 53 57 7 6 10 14 31 13 11 2 16 41 51 13 27 36 4 41 25 18 57 34 51 20 33 28 45 46 20 15 32 14 13 38 19 22 52 50 35 3 52 51 44 43 4 11 20 8 52 45 25 50 19 17 11 51 44 55 37 5 11 10 19 23 47 37 45 40 28 20 43 20 12 27 4 15 38 23 22 31 8 47 21 26 4 31 17 48 27 54 53 37 4 12 1 51 49 45 32 17 6 15 37 17 42 40 32 20 3 53 51 11  fit: 86516041.494809 desplazamiento: 3.542228 eficiencia: 9.354061 
49 19 3 8 17 15 29 1 1 50 51 56 8 12 39 6 47 29 58 36 11 4 53 19 46 39 4 25 43 58 28 32 17 31 40 33 45 9 34 46 59 26 43 7 38 22 13 25 51 11 1 2 15 54 20 1 33 23 25 16 21 53 48 38 25 28 11 10 36 45 56 35 11 39 42 48 2 54 13 52 6 14 54 20 8 14 20 41 36 45 57 57 39 45 36 4 14 46 14 49 31 10 25 42 49 8 30 50 2 42 43 8 56 37 27 4 51 47 44 28  fit: 89441471.473068 desplazamiento: 2.594981 eficiencia: 9.646471 
47 29 13 30 8 19 7 10 46 32 14 10 18 36 20 22 25 52 47 29 35 8 14 40 17 19 18 28 32 23 24 20 52 37 49 1 55 56 10 41 28 24 50 45 59 11 7 25 4 54 53 39 2 8 19 19 26 36 46 58 59 11 18 52 47 8 52 43 4 3 24 31 26 15 17 26 26 24 50 29 18 43 8 19 51 27 37 17 3 24 16 3 34 33 54 21 41 46 5 44 48 28 16 15 43 33 40 10 56 30 39 14 13 46 33 4 14 11 21 17  fit: 90684545.669425 desplazamiento: 3.446765 eficiencia: 9.792754 
50 39 42 47 14 26 59 22 54 9 59 4 21 27 10 43 23 8 16 29 3 54 37 2 41 24 58 23 3 12 26 52 50 8 40 4 34 39 26 28 48 25 32 10 52 41 52 15 48 9 44 51 3 21 52 43 45 51 7 47 4 32 40 53 40 20 57 14 59 23 42 47 48 14 56 40 55 49 55 44 57 40 35 59 2 28 43 46 19 49 34 23 21 15 16 1 35 14 15 34 37 56 22 26 11 19 6 6 8 2 49 6 42 25 5 43 52 48 30 12  fit: 90954825.351567 desplazamiento: 2.884555 eficiencia: 9.778547 
57 25 5 33 5 24 23 34 57 9 45 8 6 13 55 37 53 5 10 17 5 35 52 18 42 10 8 50 21 49 31 18 15 36 51 20 59 14 53 56 23 39 4 29 51 58 6 45 4 15 2 9 50 54 26 32 5 34 23 25 23 53 43 38 29 34 57 28 48 51 24 11 30 28 39 22 27 45 7 30 1 9 38 51 3 4 23 7 37 46 32 1 39 15 38 8 49 36 36 37 28 59 48 58 27 27 20 53 13 26 24 13 34 2 5 37 5 28 43 42  fit: 91333129.645433 desplazamiento: 2.516529 eficiencia: 9.846719 
52 28 27 44 45 18 33 1 34 22 29 31 54 23 28 44 4 58 8 18 50 55 50 57 48 45 48 14 11 55 54 4 24 21 47 9 38 21 9 12 43 38 42 38 1 11 22 5 9 30 22 58 25 13 56 14 58 45 27 9 40 22 12 5 42 59 13 21 21 22 33 4 59 15 42 59 25 5 5 34 34 26 32 59 38 29 13 36 14 40 45 54 3 57 58 45 56 11 6 18 33 39 21 32 53 4 32 19 8 36 52 42 3 25 41 41 53 54 18 8  fit: 92243425.998109 desplazamiento: 3.660507 eficiencia: 9.924369 
43 5 51 37 37 11 38 19 57 56 56 49 12 37 33 2 25 25 7 51 56 40 49 49 41 53 15 23 6 51 3 49 56 54 27 33 5 5 52 2 1 49 50 12 26 24 14 51 48 20 43 45 1 33 35 42 26 49 5 31 41 8 21 37 2 47 11 6 51 4 7 52 52 57 4 19 22 18 10 10 38 53 54 38 26 29 20 52 18 24 23 58 31 44 36 32 31 47 38 22 50 45 15 42 43 18 1 5 36 11 14 14 5 9 51 30 38 11 22 55  fit: 94916021.828041 desplazamiento: 3.145422 eficiencia: 10.186204 
38 5 34 58 19 50 59 54 4 15 29 41 11 50 7 22 9 12 28 17 14 17 22 55 42 27 39 34 15 10 46 52 15 20 51 33 10 51 28 14 6 56 54 17 46 1 39 55 13 7 12 26 24 34 22 6 1 2 40 16 12 26 9 26 45 59 59 55 51 27 9 57 23 4 15 10 4 53 5 17 59 17 43 23 50 5 29 50 7 9 7 18 34 15 43 20 14 42 15 6 9 24 3 32 27 17 41 31 10 46 47 10 3 31 32 52 35 2 43 42  fit: 97982527.485903 desplazamiento: 3.282338 eficiencia: 10.525399 
38 35 4 40 7 15 54 55 41 56 23 8 20 7 9 47 49 18 55 27 56 3 21 28 14 50 1 58 4 4 47 41 38 51 22 45 7 16 40 47 12 4 55 32 10 4 20 59 22 15 27 18 18 47 45 32 38 46 31 41 49 18 22 28 9 43 13 15 59 53 3 12 56 57 43 7 1 4 7 22 18 33 40 35 21 26 8 58 13 38 39 3 55 2 30 4 45 43 19 44 36 21 56 33 18 39 40 19 43 46 41 1 20 21 36 41 47 43 39 59  fit: 103842382.907500 desplazamiento: 3.851093 eficiencia: 11.087468 
34 36 19 8 10 13 29 50 59 33 35 47 2 51 2 45 24 42 54 20 12 33 34 25 20 7 28 33 17 49 49 50 26 8 58 35 21 27 26 20 1 1 8 2 51 10 46 16 51 40 35 3 14 9 28 33 16 55 6 32 45 55 22 11 3 20 46 24 47 12 43 47 13 51 48 5 1 35 20 52 15 55 55 29 4 23 2 19 19 7 51 4 2 14 15 5 33 1 28 21 13 12 8 26 3 56 30 4 31 50 56 46 45 51 15 49 15 16 9 33  fit: 127965544.083643 desplazamiento: 3.311522 eficiencia: 13.516099 
35 45 54 7 30 31 39 1 18 17 23 8 2 37 50 44 55 51 48 31 3 3 45 7 11 36 37 48 47 59 44 22 45 39 29 15 11 8 15 29 24 38 37 26 15 27 11 11 19 59 42 21 2 27 28 13 3 5 2 49 4 46 12 48 26 41 4 37 48 18 6 13 56 42 39 12 10 49 22 28 48 4 49 50 30 17 4 33 21 6 23 25 52 34 14 18 15 17 54 4 35 1 16 31 42 55 42 51 44 4 19 33 8 9 24 37 25 27 11 46  fit: 136068900.141918 desplazamiento: 3.460608 eficiencia: 14.336028 
17 55 42 21 51 35 15 36 8 29 20 14 4 5 36 31 24 52 13 42 23 54 23 18 43 6 12 22 7 20 49 24 16 32 45 8 7 59 44 15 28 4 28 31 8 5 2 32 56 15 15 20 9 38 37 51 43 49 14 50 10 3 14 25 34 59 33 41 58 17 55 27 21 24 57 29 28 59 2 24 14 16 43 23 53 21 15 37 10 28 27 20 30 41 44 5 40 18 46 38 34 41 5 55 6 3 24 33 3 25 57 17 41 41 40 35 2 54 13 12  fit: 136739354.027306 desplazamiento: 4.623081 eficiencia: 14.390552 
22 39 31 52 20 16 56 1 33 42 38 8 24 43 4 29 46 27 3 49 52 59 7 34 41 46 10 43 40 22 54 3 2 26 54 22 42 51 22 15 34 1 23 58 44 26 28 31 53 30 20 46 30 27 21 11 13 31 53 53 52 48 55 53 15 50 15 56 41 37 12 16 37 34 15 21 1 42 51 54 12 12 41 42 38 2 53 51 32 47 44 25 35 39 19 50 29 34 46 11 11 57 27 47 31 41 9 32 23 1 26 35 13 7 18 50 9 11 41 40  fit: 1067094903720.545410 desplazamiento: 2.089400 eficiencia: 106710.177064 
21 19 2 17 21 32 21 6 15 39 50 51 59 46 24 18 26 5 36 9 50 17 10 11 38 45 51 25 29 31 25 50 49 26 8 10 57 28 15 13 7 6 4 6 51 28 23 17 32 59 26 22 17 35 33 54 21 24 20 50 54 44 40 44 11 47 53 9 16 9 21 22 14 24 27 6 51 50 23 23 50 48 45 7 24 18 2 44 42 22 34 36 7 15 20 17 3 14 25 18 22 45 39 36 10 7 41 1 57 4 24 47 52 9 54 16 27 55 1 9  fit: 13383567406549.437500 desplazamiento: 2.523904 eficiencia: 1338357.462634 
32 41 25 11 27 1 15 40 47 28 30 19 37 54 1 27 3 30 18 5 13 1 12 9 38 38 13 29 25 57 56 57 38 22 9 6 23 23 45 11 51 16 29 29 11 30 55 13 1 13 17 14 14 28 23 51 6 35 21 31 32 18 29 11 39 37 16 3 1 2 13 51 17 42 20 27 12 15 39 13 28 55 26 41 24 48 33 30 23 54 1 55 12 29 6 51 7 22 54 7 23 7 57 39 49 18 7 2 33 45 14 1 41 39 42 5 27 16 34 50  fit: 19739018393370.042969 desplazamiento: 3.408342 eficiencia: 1973902.562289 
23 32 5 48 15 6 27 1 40 41 17 25 49 42 6 41 17 29 37 19 24 12 2 16 13 45 34 35 57 46 42 21 18 47 10 33 52 36 34 33 18 51 57 8 34 4 48 50 32 26 10 55 38 12 11 50 56 45 25 54 31 8 15 49 55 24 22 48 1 56 21 19 47 19 27 21 22 16 12 54 41 21 49 19 32 1 10 29 45 34 23 17 42 38 6 37 3 28 25 4 24 45 22 11 4 49 32 26 5 43 20 45 5 10 5 37 11 14 6 56  fit: 28677821085583.015625 desplazamiento: 5.031272 eficiencia: 2867782.826512 
59 2 23 43 41 25 46 4 55 13 9 31 20 3 33 20 4 13 56 34 12 4 6 11 12 57 26 11 58 49 35 57 51 57 40 32 23 27 36 19 39 45 49 59 47 22 19 50 34 15 24 46 18 30 57 30 28 23 40 26 12 16 23 3 13 4 35 36 30 11 54 10 55 43 9 42 5 27 32 39 42 56 25 59 27 23 30 54 45 10 20 57 26 43 1 38 46 35 15 16 45 9 26 40 51 34 23 56 2 55 35 43 51 1 43 18 23 13 13 8  fit: 33440593433803.472656 desplazamiento: 3.157086 eficiencia: 3344060.043208 
54 28 42 13 53 26 15 14 17 8 45 53 14 48 31 3 31 9 7 58 38 52 35 20 25 38 41 6 36 3 53 31 30 36 43 23 2 58 37 19 6 23 13 20 11 44 23 41 52 30 40 31 22 16 51 46 53 32 51 30 34 44 1 5 20 44 28 22 42 5 41 48 27 53 8 38 37 30 20 30 59 59 1 21 16 51 8 9 24 59 38 58 43 39 3 4 23 30 26 5 35 7 53 2 59 1 40 37 31 59 7 31 59 8 52 15 59 1 24 24  fit: 56156466332486.117188 desplazamiento: 4.002363 eficiencia: 5615647.328924 
49 3 3 47 16 1 27 26 2 13 51 44 19 53 28 23 14 19 36 14 23 57 2 19 45 47 3 18 28 25 35 18 27 38 6 43 38 32 10 40 44 1 25 4 53 52 26 8 11 3 21 34 59 23 52 45 10 54 4 37 20 39 54 46 17 59 30 54 32 39 35 17 39 59 20 33 52 46 40 4 48 2 37 48 24 30 33 34 25 36 12 44 16 7 31 32 7 1 27 38 40 2 54 19 2 15 52 53 1 32 56 49 34 34 37 58 4 11 33 28  fit: 77306268463460.468750 desplazamiento: 2.364054 eficiencia: 7730627.549288 
18 34 44 24 49 5 41 52 18 7 10 40 51 49 16 2 56 57 2 53 2 25 41 53 34 36 10 1 32 10 10 49 43 54 14 33 58 54 25 17 1 35 56 52 24 13 53 21 10 55 15 11 20 56 5 54 32 14 55 4 23 5 52 7 58 7 39 57 1 4 14 1 38 11 53 3 23 46 24 32 41 38 42 2 34 46 55 6 1 51 10 23 56 3 29 54 9 8 52 9 12 7 10 50 17 3 53 39 48 17 11 30 54 53 31 29 40 27 35 40  fit: 107688517126123.875000 desplazamiento: 3.485411 eficiencia: 10768852.406968 
26 6 57 33 6 7 3 27 48 44 59 18 40 43 10 28 53 10 58 49 40 24 56 8 3 59 4 59 39 50 15 5 55 13 38 2 19 40 29 8 24 28 25 5 11 35 32 5 44 30 53 25 53 50 32 55 49 35 55 29 26 11 34 21 23 12 23 42 52 51 49 16 19 15 20 30 49 52 34 34 22 28 58 16 18 31 11 8 7 7 36 32 17 11 53 39 22 16 21 14 8 11 30 27 25 50 56 15 42 30 48 5 58 47 20 16 18 31 23 24  fit: 162476915624291.875000 desplazamiento: 3.809098 eficiencia: 16247692.271953 
20 12 19 54 36 33 53 49 47 5 40 25 19 48 35 39 59 43 48 31 24 3 19 57 44 55 41 20 11 2 33 31 13 52 25 49 26 18 39 13 23 19 38 41 7 13 21 7 56 9 37 20 11 56 18 55 51 59 15 2 1 48 32 14 41 57 3 7 15 41 20 37 1 57 19 8 11 39 14 7 47 51 27 58 47 45 54 39 44 10 40 45 58 13 58 39 10 2 46 25 43 6 3 43 4 21 50 14 59 5 21 47 55 48 46 43 33 40 22 17  fit: 178744641044351.062500 desplazamiento: 3.054109 eficiencia: 17874464.793391 
52 27 14 22 2 53 7 8 12 29 37 22 28 2 32 6 31 11 35 13 38 46 58 57 13 25 35 18 35 51 46 27 19 59 48 21 53 55 29 5 24 6 27 52 7 58 58 38 9 34 51 47 20 49 45 33 15 20 51 50 12 37 17 30 37 6 50 30 2 19 35 26 25 2 18 32 59 17 11 9 50 2 55 11 51 40 44 7 1 35 56 13 12 14 42 49 20 33 19 21 52 53 46 18 55 5 50 54 22 1 4 12 3 58 22 53 39 6 59 40  fit: 201709382904224.562500 desplazamiento: 2.610047 eficiencia: 20170938.985121 
47 33 34 30 12 25 25 30 59 57 54 46 11 29 42 25 55 27 47 15 16 52 38 46 48 48 32 22 6 23 38 52 55 13 22 8 38 47 38 37 44 33 23 54 3 6 19 58 32 7 13 48 58 51 35 46 39 7 8 44 29 46 37 25 58 58 33 37 46 12 14 30 44 36 25 47 41 43 45 14 50 58 2 48 49 37 35 29 43 42 13 13 29 49 38 28 48 11 5 34 22 18 5 7 54 29 53 36 13 39 49 3 37 51 51 27 28 26 55 12  fit: 202020825699781.531250 desplazamiento: 2.369735 eficiencia: 20202083.251243 
14 15 42 52 30 21 1 19 57 36 55 25 36 43 23 4 11 43 57 23 10 21 36 44 22 41 21 27 9 5 10 22 20 52 15 49 13 15 8 11 51 4 36 28 47 59 31 57 42 28 21 51 49 57 36 12 38 56 38 46 2 47 9 21 39 23 10 52 37 18 4 29 21 39 56 9 38 28 7 20 56 28 12 45 25 48 56 4 44 35 50 45 23 58 6 2 22 16 54 59 33 57 28 54 36 25 3 15 52 9 34 48 36 46 34 2 34 30 6 19  fit: 217597577806137.187500 desplazamiento: 3.513544 eficiencia: 21759758.471646 
42 54 21 9 28 26 36 34 47 29 34 32 40 39 30 37 43 34 59 15 45 30 34 1 11 28 39 19 14 55 59 55 50 20 5 18 46 40 52 34 10 27 6 49 6 35 27 48 10 26 3 55 55 36 55 6 5 34 25 18 30 24 14 20 44 18 38 31 58 31 5 8 57 11 57 3 46 25 51 55 50 54 51 46 30 46 52 35 21 17 52 50 41 6 11 25 24 48 56 22 19 2 30 16 12 28 19 57 52 11 53 42 5 44 28 35 30 20 10 51  fit: 285829327846046.437500 desplazamiento: 2.645960 eficiencia: 28582933.474503 
18 1 36 24 36 5 2 25 55 18 50 9 5 59 54 13 44 43 28 6 43 56 45 27 49 17 59 33 37 43 56 55 43 33 19 20 37 21 44 33 38 35 42 42 35 36 54 19 20 23 24 4 19 10 30 8 27 30 41 4 13 38 58 55 11 18 15 48 38 59 22 17 35 4 59 10 40 54 28 1 17 52 4 36 3 34 43 29 4 25 33 16 3 31 12 14 49 26 3 27 26 24 44 1 28 43 10 8 37 38 8 53 31 11 29 33 45 13 3 48  fit: 287381418293924.937500 desplazamiento: 2.485415 eficiencia: 28738142.534422 


0 1171.141633 

10 1146.118776 

20 1132.987755 

30 1126.784898 

40 1119.037143 

50 1114.393061 

60 1113.270612 

70 1108.533469 

80 1105.394694 

90 1102.070204 

100 1089.388980 

110 1089.337551 

120 1081.936327 

130 1082.655102 

140 1071.015102 

150 1072.635510 

160 1071.468980 

170 1067.136735 

180 1062.892653 

190 1060.334286 

200 1057.620000 

210 1059.743265 

220 1055.616735 

230 1059.244898 

240 1049.013878 

250 1045.348980 

260 1041.455102 

270 1034.906531 

280 1029.587755 

290 1024.770204 

300 1020.980408 

310 1016.558367 

320 1010.710204 

330 1008.419592 

340 1006.239184 

350 1006.853061 

360 1009.889388 

370 1010.189388 

380 1016.894694 

390 1019.105306 

400 1022.271429 

410 1021.217959 

420 1022.287347 

430 1022.018367 

440 1023.447755 

450 1024.470612 

460 1021.902041 

470 1023.357959 

480 1021.640000 

490 1025.384898 

500 1019.893469 

510 1007.928980 

520 1003.378367 

530 990.555510 

540 984.328163 

550 981.534694 

560 980.993878 

570 970.843265 

580 961.840816 

590 919.153469 

600 890.313469 

610 885.066531 

620 862.481633 

630 850.160816 

640 820.208163 

650 784.271020 

660 790.101224 

670 765.147755 

680 723.021633 

690 721.158367 

700 716.813469 

710 709.478776 

720 676.870612 

730 636.853878 

740 601.024490 

750 565.455918 

760 505.815918 

770 466.662449 

780 418.576735 

790 394.226939 

