secciones_en_catalogo: 59
1   40x40-12N8	40.000     40.00   200.00   4200.00   12
    5.067075    15.0      15.0
    5.067075    15.0       5.0
    5.067075    15.0     -15.0
    5.067075    15.0      -5.0
    5.067075     5.0      15.0
    5.067075     5.0     -15.0
    5.067075    -5.0      15.0
    5.067075    -5.0     -15.0
    5.067075   -15.0      15.0
    5.067075   -15.0       5.0
    5.067075   -15.0     -15.0
    5.067075   -15.0      -5.0
2	50x30-10N8	50.000     30.00   200.00   4200.00   10
    5.067075    20.0      10.0
    5.067075    20.0      3.333333
    5.067075    20.0     -10.0
    5.067075    20.0      -3.33333
    5.067075   -20.0      10.0
    5.067075   -20.0       3.33333
    5.067075   -20.0     -10.0
    5.067075   -20.0      -3.33333
    5.067075     0.0      10.0
    5.067075     0.0     -10.0
3	30x30-8N3	30.000	30.00	280.00	4200.00	8
	0.71	-10.0	10.0			
	0.71	0.0	10.0			
	0.71	10.0	10.0			
	0.71	-10.0	-10.0			
	0.71	0.0	-10.0			
	0.71	10.0	-10.0			
	0.71	-10.0	0.0			
	0.71	10.0	0.0			
4	30x30-4N4	30	30	280	4200	4
	1.27	-10	10			
	1.27	10	10			
	1.27	-10	-10			
	1.27	10	-10			
5	30x30-8N4	30	30	280	4200	8
	1.27	-10	10			
	1.27	0	10			
	1.27	10	10			
	1.27	-10	-10			
	1.27	0	-10			
	1.27	10	-10			
	1.27	-10	0			
	1.27	10	0			
6	30x30-4N6	30	30	280	4200	4
	2.87	-10	10			
	2.87	10	10			
	2.87	-10	-10			
	2.87	10	-10			
7	30x30-8N6	30	30	280	4200	8
	2.87	-10	10			
	2.87	0	10			
	2.87	10	10			
	2.87	-10	-10			
	2.87	0	-10			
	2.87	10	-10			
	2.87	-10	0			
	2.87	10	0			
8	30x30-4N8	30	30	280	4200	4
	5.07	-10	10			
	5.07	10	10			
	5.07	-10	-10			
	5.07	10	-10			
9	30x30-8N8	30	30	280	4200	8
	5.07	-10	10			
	5.07	0	10			
	5.07	10	10			
	5.07	-10	-10			
	5.07	0	-10			
	5.07	10	-10			
	5.07	-10	0			
	5.07	10	0			
10	40x40-12N3	40	40	280	4200	12
	0.71	-15	15			
	0.71	-5	15			
	0.71	5	15			
	0.71	15	15			
	0.71	-15	-15			
	0.71	-5	-15			
	0.71	5	-15			
	0.71	15	-15			
	0.71	-15	-5			
	0.71	-15	5			
	0.71	15	-5			
	0.71	15	5			
11	40x40-8N4	40	40	280	4200	8
	1.27	-15	15			
	1.27	0	15			
	1.27	15	15			
	1.27	-15	-15			
	1.27	0	-15			
	1.27	15	-15			
	1.27	-15	0			
	1.27	15	0			
12	40x40-12N4	40	40	280	4200	12
	1.27	-15	15			
	1.27	-5	15			
	1.27	5	15			
	1.27	15	15			
	1.27	-15	-15			
	1.27	-5	-15			
	1.27	5	-15			
	1.27	15	-15			
	1.27	-15	-5			
	1.27	-15	5			
	1.27	15	-5			
	1.27	15	5			
13	40x40-4N6	40	40	280	4200	4
	2.87	-15	15			
	2.87	15	15			
	2.87	-15	-15			
	2.87	15	-15			
14	40x40-8N6	40	40	280	4200	8
	2.87	-15	15			
	2.87	0	15			
	2.87	15	15			
	2.87	-15	-15			
	2.87	0	-15			
	2.87	15	-15			
	2.87	-15	0			
	2.87	15	0			
15	40x40-12N6	40	40	280	4200	12
	2.87	-15	15			
	2.87	-5	15			
	2.87	5	15			
	2.87	15	15			
	2.87	-15	-15			
	2.87	-5	-15			
	2.87	5	-15			
	2.87	15	-15			
	2.87	-15	-5			
	2.87	-15	5			
	2.87	15	-5			
	2.87	15	5			
16	40x40-4N8	40	40	280	4200	4
	5.07	-15	15			
	5.07	15	15			
	5.07	-15	-15			
	5.07	15	-15			
17	40x40-8N8	40	40	280	4200	8
	5.07	-15	15			
	5.07	0	15			
	5.07	15	15			
	5.07	-15	-15			
	5.07	0	-15			
	5.07	15	-15			
	5.07	-15	0			
	5.07	15	0			
18	40x40-12N8	40	40	280	4200	12
	5.07	-15	15			
	5.07	-5	15			
	5.07	5	15			
	5.07	15	15			
	5.07	-15	-15			
	5.07	-5	-15			
	5.07	5	-15			
	5.07	15	-15			
	5.07	-15	-5			
	5.07	-15	5			
	5.07	15	-5			
	5.07	15	5			
19	50x50-16N3	50	50	280	4200	16
	0.71	-20	20			
	0.71	-10	20			
	0.71	0	20			
	0.71	10	20			
	0.71	20	20			
	0.71	-20	-20			
	0.71	-10	-20			
	0.71	0	-20			
	0.71	10	-20			
	0.71	20	-20			
	0.71	-20	-10			
	0.71	-20	0			
	0.71	-20	10			
	0.71	20	-10			
	0.71	20	0			
	0.71	20	10			
20	50x50-20N3	50	50	280	4200	20
	0.71	-20	20			
	0.71	-12	20			
	0.71	-4	20			
	0.71	4	20			
	0.71	12	20			
	0.71	20	20			
	0.71	-20	-20			
	0.71	-12	-20			
	0.71	-4	-20			
	0.71	4	-20			
	0.71	12	-20			
	0.71	20	-20			
	0.71	-20	-12			
	0.71	-20	-4			
	0.71	-20	4			
	0.71	-20	12			
	0.71	20	-12			
	0.71	20	-4			
	0.71	20	4			
	0.71	20	12			
21	50x50-8N4	50	50	280	4200	8
	1.27	-20	20			
	1.27	0	20			
	1.27	20	20			
	1.27	-20	-20			
	1.27	0	-20			
	1.27	20	-20			
	1.27	-20	0			
	1.27	20	0			
22	50x50-12N4	50	50	280	4200	12
	1.27	-20	20			
	1.27	-6.667	20			
	1.27	6.667	20			
	1.27	20	20			
	1.27	-20	-20			
	1.27	-6.667	-20			
	1.27	6.667	-20			
	1.27	20	-20			
	1.27	-20	-6.667			
	1.27	-20	6.667			
	1.27	20	-6.667			
	1.27	20	6.667			
23	50x50-16N4	50	50	280	4200	16
	1.27	-20	20			
	1.27	-10	20			
	1.27	0	20			
	1.27	10	20			
	1.27	20	20			
	1.27	-20	-20			
	1.27	-10	-20			
	1.27	0	-20			
	1.27	10	-20			
	1.27	20	-20			
	1.27	-20	-10			
	1.27	-20	0			
	1.27	-20	10			
	1.27	20	-10			
	1.27	20	0			
	1.27	20	10			
24	50x50-20N4	50	50	280	4200	20
	1.27	-20	20			
	1.27	-12	20			
	1.27	-4	20			
	1.27	4	20			
	1.27	12	20			
	1.27	20	20			
	1.27	-20	-20			
	1.27	-12	-20			
	1.27	-4	-20			
	1.27	4	-20			
	1.27	12	-20			
	1.27	20	-20			
	1.27	-20	-12			
	1.27	-20	-4			
	1.27	-20	4			
	1.27	-20	12			
	1.27	20	-12			
	1.27	20	-4			
	1.27	20	4			
	1.27	20	12			
25	50x50-4N6	50	50	280	4200	4
	2.87	-20	20			
	2.87	20	20			
	2.87	-20	-20			
	2.87	20	-20			
26	50x50-8N6	50	50	280	4200	8
	2.87	-20	20			
	2.87	0	20			
	2.87	20	20			
	2.87	-20	-20			
	2.87	0	-20			
	2.87	20	-20			
	2.87	-20	0			
	2.87	20	0			
27	50x50-12N6	50	50	280	4200	12
	2.87	-20	20			
	2.87	-6.667	20			
	2.87	6.667	20			
	2.87	20	20			
	2.87	-20	-20			
	2.87	-6.667	-20			
	2.87	6.667	-20			
	2.87	20	-20			
	2.87	-20	-6.667			
	2.87	-20	6.667			
	2.87	20	-6.667			
	2.87	20	6.667			
28	50x50-16N6	50	50	280	4200	16
	2.87	-20	20			
	2.87	-10	20			
	2.87	0	20			
	2.87	10	20			
	2.87	20	20			
	2.87	-20	-20			
	2.87	-10	-20			
	2.87	0	-20			
	2.87	10	-20			
	2.87	20	-20			
	2.87	-20	-10			
	2.87	-20	0			
	2.87	-20	10			
	2.87	20	-10			
	2.87	20	0			
	2.87	20	10			
29	50x50-20N6	50	50	280	4200	20
	2.87	-20	20			
	2.87	-12	20			
	2.87	-4	20			
	2.87	4	20			
	2.87	12	20			
	2.87	20	20			
	2.87	-20	-20			
	2.87	-12	-20			
	2.87	-4	-20			
	2.87	4	-20			
	2.87	12	-20			
	2.87	20	-20			
	2.87	-20	-12			
	2.87	-20	-4			
	2.87	-20	4			
	2.87	-20	12			
	2.87	20	-12			
	2.87	20	-4			
	2.87	20	4			
	2.87	20	12			
30	50x50-4N8	50	50	280	4200	4
	5.07	-20	20			
	5.07	20	20			
	5.07	-20	-20			
	5.07	20	-20			
31	50x50-8N8	50	50	280	4200	8
	5.07	-20	20			
	5.07	0	20			
	5.07	20	20			
	5.07	-20	-20			
	5.07	0	-20			
	5.07	20	-20			
	5.07	-20	0			
	5.07	20	0			
32	50x50-12N8	50	50	280	4200	12
	5.07	-20	20			
	5.07	-6.667	20			
	5.07	6.667	20			
	5.07	20	20			
	5.07	-20	-20			
	5.07	-6.667	-20			
	5.07	6.667	-20			
	5.07	20	-20			
	5.07	-20	-6.667			
	5.07	-20	6.667			
	5.07	20	-6.667			
	5.07	20	6.667			
33	50x50-16N8	50	50	280	4200	16
	5.07	-20	20			
	5.07	-10	20			
	5.07	0	20			
	5.07	10	20			
	5.07	20	20			
	5.07	-20	-20			
	5.07	-10	-20			
	5.07	0	-20			
	5.07	10	-20			
	5.07	20	-20			
	5.07	-20	-10			
	5.07	-20	0			
	5.07	-20	10			
	5.07	20	-10			
	5.07	20	0			
	5.07	20	10			
34	50x50-20N8	50	50	280	4200	20
	5.07	-20	20			
	5.07	-12	20			
	5.07	-4	20			
	5.07	4	20			
	5.07	12	20			
	5.07	20	20			
	5.07	-20	-20			
	5.07	-12	-20			
	5.07	-4	-20			
	5.07	4	-20			
	5.07	12	-20			
	5.07	20	-20			
	5.07	-20	-12			
	5.07	-20	-4			
	5.07	-20	4			
	5.07	-20	12			
	5.07	20	-12			
	5.07	20	-4			
	5.07	20	4			
	5.07	20	12			
35	60x60-24N3	60	60	280	4200	24
	0.71	-25	25			
	0.71	-16.667	25			
	0.71	-8.333	25			
	0.71	0	25			
	0.71	8.333	25			
	0.71	16.667	25			
	0.71	25	25			
	0.71	-25	-25			
	0.71	-16.667	-25			
	0.71	-8.333	-25			
	0.71	0	-25			
	0.71	8.333	-25			
	0.71	16.667	-25			
	0.71	25	-25			
	0.71	-25	-16.667			
	0.71	-25	-8.333			
	0.71	-25	0			
	0.71	-25	8.333			
	0.71	-25	16.667			
	0.71	25	-16.667			
	0.71	25	-8.333			
	0.71	25	0			
	0.71	25	8.333			
	0.71	25	16.667			
36	60x60-12N4	60	60	280	4200	12
	1.27	-25	25			
	1.27	-8.333	25			
	1.27	8.333	25			
	1.27	25	25			
	1.27	-25	-25			
	1.27	-8.333	-25			
	1.27	8.333	-25			
	1.27	25	-25			
	1.27	-25	-8.333			
	1.27	-25	8.333			
	1.27	25	-8.333			
	1.27	25	8.333			
37	60x60-16N4	60	60	280	4200	16
	1.27	-25	25			
	1.27	-12.5	25			
	1.27	0	25			
	1.27	12.5	25			
	1.27	25	25			
	1.27	-25	-25			
	1.27	-12.5	-25			
	1.27	0	-25			
	1.27	12.5	-25			
	1.27	25	-25			
	1.27	-25	-12.5			
	1.27	-25	0			
	1.27	-25	12.5			
	1.27	25	-12.5			
	1.27	25	0			
	1.27	25	12.5			
38	60x60-20N4	60	60	280	4200	20
	1.27	-25	25			
	1.27	-15	25			
	1.27	-5	25			
	1.27	5	25			
	1.27	15	25			
	1.27	25	25			
	1.27	-25	-25			
	1.27	-15	-25			
	1.27	-5	-25			
	1.27	5	-25			
	1.27	15	-25			
	1.27	25	-25			
	1.27	-25	-15			
	1.27	-25	-5			
	1.27	-25	5			
	1.27	-25	15			
	1.27	25	-15			
	1.27	25	-5			
	1.27	25	5			
	1.27	25	15			
39	60x60-24N4	60	60	280	4200	24
	1.27	-25	25			
	1.27	-16.667	25			
	1.27	-8.333	25			
	1.27	0	25			
	1.27	8.333	25			
	1.27	16.667	25			
	1.27	25	25			
	1.27	-25	-25			
	1.27	-16.667	-25			
	1.27	-8.333	-25			
	1.27	0	-25			
	1.27	8.333	-25			
	1.27	16.667	-25			
	1.27	25	-25			
	1.27	-25	-16.667			
	1.27	-25	-8.333			
	1.27	-25	0			
	1.27	-25	8.333			
	1.27	-25	16.667			
	1.27	25	-16.667			
	1.27	25	-8.333			
	1.27	25	0			
	1.27	25	8.333			
	1.27	25	16.667			
40	60x60-8N6	60	60	280	4200	8
	2.87	-25	25			
	2.87	0	25			
	2.87	25	25			
	2.87	-25	-25			
	2.87	0	-25			
	2.87	25	-25			
	2.87	-25	0			
	2.87	25	0			
41	60x60-12N6	60	60	280	4200	12
	2.87	-25	25			
	2.87	-8.333	25			
	2.87	8.333	25			
	2.87	25	25			
	2.87	-25	-25			
	2.87	-8.333	-25			
	2.87	8.333	-25			
	2.87	25	-25			
	2.87	-25	-8.333			
	2.87	-25	8.333			
	2.87	25	-8.333			
	2.87	25	8.333			
42	60x60-16N6	60	60	280	4200	16
	2.87	-25	25			
	2.87	-12.5	25			
	2.87	0	25			
	2.87	12.5	25			
	2.87	25	25			
	2.87	-25	-25			
	2.87	-12.5	-25			
	2.87	0	-25			
	2.87	12.5	-25			
	2.87	25	-25			
	2.87	-25	-12.5			
	2.87	-25	0			
	2.87	-25	12.5			
	2.87	25	-12.5			
	2.87	25	0			
	2.87	25	12.5			
43	60x60-20N6	60	60	280	4200	20
	2.87	-25	25			
	2.87	-15	25			
	2.87	-5	25			
	2.87	5	25			
	2.87	15	25			
	2.87	25	25			
	2.87	-25	-25			
	2.87	-15	-25			
	2.87	-5	-25			
	2.87	5	-25			
	2.87	15	-25			
	2.87	25	-25			
	2.87	-25	-15			
	2.87	-25	-5			
	2.87	-25	5			
	2.87	-25	15			
	2.87	25	-15			
	2.87	25	-5			
	2.87	25	5			
	2.87	25	15			
44	60x60-24N6	60	60	280	4200	24
	2.87	-25	25			
	2.87	-16.667	25			
	2.87	-8.333	25			
	2.87	0	25			
	2.87	8.333	25			
	2.87	16.667	25			
	2.87	25	25			
	2.87	-25	-25			
	2.87	-16.667	-25			
	2.87	-8.333	-25			
	2.87	0	-25			
	2.87	8.333	-25			
	2.87	16.667	-25			
	2.87	25	-25			
	2.87	-25	-16.667			
	2.87	-25	-8.333			
	2.87	-25	0			
	2.87	-25	8.333			
	2.87	-25	16.667			
	2.87	25	-16.667			
	2.87	25	-8.333			
	2.87	25	0			
	2.87	25	8.333			
	2.87	25	16.667			
45	60x60-4N8	60	60	280	4200	4
	5.07	-25	25			
	5.07	25	25			
	5.07	-25	-25			
	5.07	25	-25			
46	60x60-8N8	60	60	280	4200	8
	5.07	-25	25			
	5.07	0	25			
	5.07	25	25			
	5.07	-25	-25			
	5.07	0	-25			
	5.07	25	-25			
	5.07	-25	0			
	5.07	25	0			
47	60x60-12N8	60	60	280	4200	12
	5.07	-25	25			
	5.07	-8.333	25			
	5.07	8.333	25			
	5.07	25	25			
	5.07	-25	-25			
	5.07	-8.333	-25			
	5.07	8.333	-25			
	5.07	25	-25			
	5.07	-25	-8.333			
	5.07	-25	8.333			
	5.07	25	-8.333			
	5.07	25	8.333			
48	60x60-16N8	60	60	280	4200	16
	5.07	-25	25			
	5.07	-12.5	25			
	5.07	0	25			
	5.07	12.5	25			
	5.07	25	25			
	5.07	-25	-25			
	5.07	-12.5	-25			
	5.07	0	-25			
	5.07	12.5	-25			
	5.07	25	-25			
	5.07	-25	-12.5			
	5.07	-25	0			
	5.07	-25	12.5			
	5.07	25	-12.5			
	5.07	25	0			
	5.07	25	12.5			
49	60x60-20N8	60	60	280	4200	20
	5.07	-25	25			
	5.07	-15	25			
	5.07	-5	25			
	5.07	5	25			
	5.07	15	25			
	5.07	25	25			
	5.07	-25	-25			
	5.07	-15	-25			
	5.07	-5	-25			
	5.07	5	-25			
	5.07	15	-25			
	5.07	25	-25			
	5.07	-25	-15			
	5.07	-25	-5			
	5.07	-25	5			
	5.07	-25	15			
	5.07	25	-15			
	5.07	25	-5			
	5.07	25	5			
	5.07	25	15			
50	60x60-24N8	60	60	280	4200	24
	5.07	-25	25			
	5.07	-16.667	25			
	5.07	-8.333	25			
	5.07	0	25			
	5.07	8.333	25			
	5.07	16.667	25			
	5.07	25	25			
	5.07	-25	-25			
	5.07	-16.667	-25			
	5.07	-8.333	-25			
	5.07	0	-25			
	5.07	8.333	-25			
	5.07	16.667	-25			
	5.07	25	-25			
	5.07	-25	-16.667			
	5.07	-25	-8.333			
	5.07	-25	0			
	5.07	-25	8.333			
	5.07	-25	16.667			
	5.07	25	-16.667			
	5.07	25	-8.333			
	5.07	25	0			
	5.07	25	8.333			
	5.07	25	16.667			
51	70x70-28N3	70	70	280	4200	28
	0.71	-30	30			
	0.71	-21.429	30			
	0.71	-12.857	30			
	0.71	-4.286	30			
	0.71	4.286	30			
	0.71	12.857	30			
	0.71	21.429	30			
	0.71	30	30			
	0.71	-30	-30			
	0.71	-21.429	-30			
	0.71	-12.857	-30			
	0.71	-4.286	-30			
	0.71	4.286	-30			
	0.71	12.857	-30			
	0.71	21.429	-30			
	0.71	30	-30			
	0.71	-30	-21.429			
	0.71	-30	-12.857			
	0.71	-30	-4.286			
	0.71	-30	4.286			
	0.71	-30	12.857			
	0.71	-30	21.429			
	0.71	30	-21.429			
	0.71	30	-12.857			
	0.71	30	-4.286			
	0.71	30	4.286			
	0.71	30	12.857			
	0.71	30	21.429			
52	70x70-16N4	70	70	280	4200	16
	1.27	-30	30			
	1.27	-15	30			
	1.27	0	30			
	1.27	15	30			
	1.27	30	30			
	1.27	-30	-30			
	1.27	-15	-30			
	1.27	0	-30			
	1.27	15	-30			
	1.27	30	-30			
	1.27	-30	-15			
	1.27	-30	0			
	1.27	-30	15			
	1.27	30	-15			
	1.27	30	0			
	1.27	30	15			
53	70x70-20N4	70	70	280	4200	20
	1.27	-30	30			
	1.27	-18	30			
	1.27	-6	30			
	1.27	6	30			
	1.27	18	30			
	1.27	30	30			
	1.27	-30	-30			
	1.27	-18	-30			
	1.27	-6	-30			
	1.27	6	-30			
	1.27	18	-30			
	1.27	30	-30			
	1.27	-30	-18			
	1.27	-30	-6			
	1.27	-30	6			
	1.27	-30	18			
	1.27	30	-18			
	1.27	30	-6			
	1.27	30	6			
	1.27	30	18			
54	70x70-24N4	70	70	280	4200	24
	1.27	-30	30			
	1.27	-20	30			
	1.27	-10	30			
	1.27	0	30			
	1.27	10	30			
	1.27	20	30			
	1.27	30	30			
	1.27	-30	-30			
	1.27	-20	-30			
	1.27	-10	-30			
	1.27	0	-30			
	1.27	10	-30			
	1.27	20	-30			
	1.27	30	-30			
	1.27	-30	-20			
	1.27	-30	-10			
	1.27	-30	0			
	1.27	-30	10			
	1.27	-30	20			
	1.27	30	-20			
	1.27	30	-10			
	1.27	30	0			
	1.27	30	10			
	1.27	30	20			
55	70x70-28N4	70	70	280	4200	28
	1.27	-30	30			
	1.27	-21.429	30			
	1.27	-12.857	30			
	1.27	-4.286	30			
	1.27	4.286	30			
	1.27	12.857	30			
	1.27	21.429	30			
	1.27	30	30			
	1.27	-30	-30			
	1.27	-21.429	-30			
	1.27	-12.857	-30			
	1.27	-4.286	-30			
	1.27	4.286	-30			
	1.27	12.857	-30			
	1.27	21.429	-30			
	1.27	30	-30			
	1.27	-30	-21.429			
	1.27	-30	-12.857			
	1.27	-30	-4.286			
	1.27	-30	4.286			
	1.27	-30	12.857			
	1.27	-30	21.429			
	1.27	30	-21.429			
	1.27	30	-12.857			
	1.27	30	-4.286			
	1.27	30	4.286			
	1.27	30	12.857			
	1.27	30	21.429			
56	70x70-8N6	70	70	280	4200	8
	2.87	-30	30			
	2.87	0	30			
	2.87	30	30			
	2.87	-30	-30			
	2.87	0	-30			
	2.87	30	-30			
	2.87	-30	0			
	2.87	30	0			
57	70x70-12N6	70	70	280	4200	12
	2.87	-30	30			
	2.87	-10	30			
	2.87	10	30			
	2.87	30	30			
	2.87	-30	-30			
	2.87	-10	-30			
	2.87	10	-30			
	2.87	30	-30			
	2.87	-30	-10			
	2.87	-30	10			
	2.87	30	-10			
	2.87	30	10			
58	70x70-16N6	70	70	280	4200	16
	2.87	-30	30			
	2.87	-15	30			
	2.87	0	30			
	2.87	15	30			
	2.87	30	30			
	2.87	-30	-30			
	2.87	-15	-30			
	2.87	0	-30			
	2.87	15	-30			
	2.87	30	-30			
	2.87	-30	-15			
	2.87	-30	0			
	2.87	-30	15			
	2.87	30	-15			
	2.87	30	0			
	2.87	30	15			
59	70x70-20N6	70	70	280	4200	20
	2.87	-30	30			
	2.87	-18	30			
	2.87	-6	30			
	2.87	6	30			
	2.87	18	30			
	2.87	30	30			
	2.87	-30	-30			
	2.87	-18	-30			
	2.87	-6	-30			
	2.87	6	-30			
	2.87	18	-30			
	2.87	30	-30			
	2.87	-30	-18			
	2.87	-30	-6			
	2.87	-30	6			
	2.87	-30	18			
	2.87	30	-18			
	2.87	30	-6			
	2.87	30	6			
	2.87	30	18			
