0 1165.706122 42119262.314209
10 1091.742449 14026794.246767
20 1059.891020 10101663.837713
30 1054.478776 9284726.768458
40 1038.305306 8038260.812979
50 1036.231429 7661509.512017
60 1022.710204 7306492.020379
70 1016.418776 6004819.649053
80 1003.558367 5174868.888254
90 1005.086531 4412701.706896
100 996.185714 3506568.608422
110 984.676327 3230675.590513
120 984.445714 2813461.437786
130 985.108163 2618235.617319
140 986.199592 2447294.636996
150 990.141633 2297576.472613
160 975.759184 2277119.627008
170 964.322857 2195887.665076
180 956.135918 2141882.320318
190 940.757551 2097002.320318
200 929.435102 2077553.218730
210 929.740816 2070780.425426
220 927.954694 2068992.305890
230 921.869388 2046122.320318
240 930.193878 2040362.320318
250 917.133878 2031700.448326
260 903.784898 1957303.934863
270 894.491429 1916282.320318
280 885.364490 1897352.829878
290 864.049796 1896064.940545
300 861.575102 1878608.838468
310 846.027755 1870202.320318
320 838.351837 1870202.320318
330 827.985306 1861082.320318
340 798.413061 1861082.320318
350 779.293061 1860327.765736
360 785.402449 1855188.644862
370 783.268163 1841011.094202
380 768.432245 1814282.320318
390 756.254286 1810046.003667
400 751.424898 1803242.320318
410 745.131837 1803242.320318
420 740.263265 1803242.320318
430 729.358776 1803242.320318
440 721.643265 1803242.320318
450 716.086531 1803242.320318
460 715.277551 1801322.320318
470 700.744082 1801322.320318
480 687.618776 1801322.320318
490 678.197143 1801322.320318
500 670.592245 1795562.320318
510 659.897551 1770350.118946
520 649.911429 1760287.573469
530 637.522857 1760287.573469
540 624.155918 1760128.653513
550 624.357959 1760128.653513
560 620.028163 1756523.692823
570 617.379592 1753935.633312
580 611.720408 1751882.320318
590 600.802041 1751882.320318
600 600.346939 1746345.250272
610 598.756327 1746345.250272
620 595.703265 1742814.673160
630 592.080408 1741348.358347
640 583.237551 1741348.358347
650 581.174694 1740428.132689
660 575.058367 1740428.132689
670 564.395510 1740428.132689
680 555.862041 1714682.320318
690 553.765306 1611722.320318
700 547.191429 1551722.320318
710 542.773878 1524602.320318
720 536.031020 1502042.320318
730 525.617551 1486682.320318
740 513.953878 1486682.320318
750 501.659184 1485722.320318
760 490.039184 1484762.320318
770 477.497959 1484762.320318
780 437.225714 1484762.320318
790 380.395510 1480442.320318
800 317.476327 1480442.320318
810 288.068163 1466522.320318
820 264.720408 1453562.320318
830 248.206531 1441562.320318
840 238.708980 1439983.835229
850 236.037143 1433882.320318
860 239.957959 1423562.320318
870 228.787755 1423562.320318
880 224.935918 1423562.320318
890 213.577551 1423562.320318
900 206.922857 1417802.320318
910 195.969796 1417802.320318
920 114.224898 1417802.320318
930 35.194286 1411802.320318
940 13.372653 1410842.320318
950 10.404082 1410842.320318
960 10.686939 1410842.320318
970 7.319184 1405082.320318
980 4.997551 1404122.320318
990 5.667347 1404122.320318
1000 5.642857 1404122.320318
